	1	2	3	4	5	6	7	8	9	10	20	30	40	50	60	70	80	90	100	200	300	400	500	600	700	800	900	1000
0.01	6.747781875537692	13.935081115134416	19.76522875609437	22.619806493755615	26.791094087031222	29.55646225841375	37.57746032762813	58.35799216573793	62.48512941006239	68.03415122427083	132.63933839160026	201.88956053720676	228.04499144934067	325.12667277727127	428.02565502532576	348.03684760556075	550.5797237434612	641.9429598418154	636.5282364948711	1330.4659230199761	1591.3870239790706	1937.5295461308144	3147.7580105614306	4422.25906356698	4282.650488384297	4055.96555532065	4526.696890093231	6972.700183144897
0.012067926406393288	6.331595265296946	11.717557832407406	14.549412761028687	25.31425545113503	30.878466340540335	31.443977864584	40.89390350708226	44.19874811251229	59.499064845909984	57.0997027467853	135.05123006018005	140.24613000754277	271.8255568453572	316.1810186960758	325.4546536193103	342.9794165844315	501.25777936102463	382.7169144936324	658.1559895464111	1290.759624455782	1999.2245752198962	2677.6590817096653	3051.512215400933	3863.372981678722	4455.462507788507	5039.22587494087	5207.671859894242	5133.264047617517
0.014563484775012436	6.253456814440367	11.245623978823403	19.552717023315203	16.734745799779674	19.066870144698765	37.00410441342716	36.016622512346004	41.39359476341138	48.62425028469456	48.595353149374375	115.24125460495459	145.24117306378577	233.02771168630915	269.45172038730266	332.19643809513	353.1364246848337	473.53665909278067	410.9605514833499	453.55831149186656	1200.62960455652	1539.4357062948534	2065.9604888264394	3231.933607694678	2800.0615819601517	4415.997462615122	5189.645195388666	4660.901425478244	5136.661523489699
0.017575106248547922	4.930897701486984	12.116180555751148	13.89237277266123	18.453387144455686	26.50371252913799	22.268145752554325	33.15488594231737	47.990311250679014	40.77520634094851	57.49923955267342	108.83483930132552	140.1036183354488	232.6134606625281	297.03223071728445	355.5602208288643	405.56681816850346	345.9554849855384	446.9292162631111	544.6613067141739	1146.2112947625942	1460.272058867394	1938.3321195673484	2183.1943929877793	2482.590355339928	3929.819139779756	3652.9762568424744	5486.069609972827	4555.600053988546
0.021209508879201904	3.9608712636545778	9.286224906799756	14.815674973510024	17.072865609606186	25.825405579425688	24.91987486393097	25.63889189256181	28.619518613564676	38.11292680919698	45.415806539052916	115.10621368773765	133.33260410516203	202.97462519126464	205.62768910494285	297.83019274202616	386.7530191460755	394.8024106392104	411.0047129862563	487.3716506229404	1053.6244733513006	1401.402601255258	1910.9797644824191	2688.66175364651	3291.9667940041622	3543.100354826131	3203.591714662494	4186.812049415606	5589.0677168491075
0.025595479226995357	4.566360627191376	7.5074556207413226	15.155961514578278	17.574986380172266	21.796763927956956	20.744519575302665	37.25295874005839	39.32394744726804	43.5783721712766	46.5979127434573	94.047425627685	145.9955254116565	160.4340574866352	242.6078317817383	256.1806115892901	356.95787373317086	414.86271300676367	336.93912932008726	528.429394912637	1034.3779173056464	1480.4706705809335	1613.9971896388445	2410.244587603568	2602.8596618406036	2966.377972913462	3501.9269296166976	4629.073441837974	4628.6776981957955
0.030888435964774818	3.339037485491472	9.29743938356259	12.46958432508017	19.144215094936147	25.18674988538389	27.121464925207437	27.873196343367102	28.99018233104007	30.412344820103755	35.05117469539913	78.16667057477714	136.09318393501076	192.14849363314485	201.35386601533915	276.9199079205691	316.2799448736561	325.90497526509614	372.09342084777836	503.6982081744476	983.0501529649326	1141.0438871491422	1566.1153848700778	2380.0031074616795	2370.425394259017	2996.266368339042	3425.899737069695	4051.8797962310264	4470.8585472368895
0.0372759372031494	3.8811764927063592	9.15961793161832	12.606727979105866	18.966616606933602	21.309467887720942	22.889344106334143	27.969167542947027	31.225850798956564	38.911628616144924	39.22677019717232	72.76520053742108	124.4596485422598	141.38789815057177	160.52650467459074	230.5450204196488	317.47630000629596	265.97975833869504	422.41769224110874	433.67543643876826	823.7591671725258	1073.9422343832082	1597.2316516335736	1821.9344691608937	2032.6662224665379	2784.234341008722	3718.8392118116944	4059.720386731404	4335.626725033314
0.04498432668969444	3.9212781756371053	7.574775084137823	12.312081000371297	17.78116006876087	21.7443024636014	17.977142015781997	26.247408698353585	33.6273309298439	34.70365914417647	39.438816112483664	82.14861642947042	100.13514982457889	175.0866524908304	148.19248305086612	227.44994953263338	275.3524391565416	231.40869195771128	295.385014500498	311.7753446218055	622.5990339915784	1154.1117848602153	1702.83487644098	1695.2724173947247	2288.8761921959904	2887.0572621390725	2975.1886802893296	3972.5981870537767	2646.652881428479
0.054286754393238594	3.0775901731787005	6.315618794451056	10.167833600505261	16.641892108239556	14.347954340667526	20.364868905078975	23.60692719231901	32.28932238604553	23.213825472222705	34.84243487812925	76.29464455213544	106.75133476975752	154.83110314096183	185.15141767058518	168.47592470549753	202.60759352424387	292.77379667511605	291.8991133533827	402.4147072784472	813.4139931917664	978.1082707957561	1479.125517265586	1332.6151768683455	1750.2178195755419	1819.9946852595488	3304.7003353179853	3005.085601989978	2916.970893775625
0.0655128556859551	3.3353493176253237	7.219291245251286	10.98600361485759	13.194651647999205	16.170587720785985	20.221952224009566	20.269871051393746	23.503982873796836	34.571293861907826	33.79955787161606	69.15231634427683	106.53748191327783	148.98074519163387	168.55646240667465	207.9138123530262	240.99550905835093	226.49722467795232	265.1817467499112	383.7727469153915	551.6884137679841	974.521567975062	1274.3573757031634	1854.9174424124526	1821.3412438204577	2733.0667501308735	2480.2238101725393	2804.727644767473	3190.867088671314
0.07906043210907697	3.6066221437121575	4.675982369974442	9.61826762562183	13.58837200285864	14.326833308329165	19.308510458875602	17.48362932960364	29.724428828402957	22.2812548355016	30.80022752544888	69.08940445677008	105.14765159448197	114.74025464086745	179.36575945677507	187.29494569837107	240.72363338730244	217.4646493334258	287.2086479970543	317.17142888699925	697.8315617678007	1097.03269363227	1099.3758589587892	1683.0820097064502	2056.291422792152	2494.596788775603	2573.1752236736293	2356.39816408438	2985.599595728694
0.09540954763499938	3.291504904636507	4.5958555676062485	9.471783501938162	13.708123693780024	17.33292455430844	20.20175595914732	15.039064458327942	27.499171882869295	27.173271255802607	28.157082082149657	64.24750252330473	90.53733456832828	132.97853711336725	172.5196400665051	196.11617778810148	196.04064128906464	269.65487266331945	220.6870893129107	230.18735976889286	502.5034294885319	989.7694727885171	1171.9252045639714	1464.9472112355068	1647.265826692302	1985.1963456746137	2389.2566968755445	3077.8511337566165	3233.4277752669473
0.1151395399326447	2.630020097537487	4.935430248558842	8.621414654787923	10.90586963815211	14.815770493605198	19.577992168104952	18.395753966798097	19.84016932024502	25.954258361560026	30.243568637670986	64.99706766735699	61.710961490035686	108.02766998741916	135.40010429304837	157.40449672071026	194.2304325448442	334.313156774223	233.34972720964888	257.8157059637023	571.2233148058399	931.8970995023138	1186.557450756514	1314.2724492825494	1877.7149804042747	2229.64668518969	2103.750053649499	2092.680567531894	2488.5732373975943
0.13894954943731375	3.0723499728240036	6.034403402107658	7.176967625363	11.530153052733155	15.104701048252808	12.41014895915239	18.67854340130488	19.332058173806765	22.038851883504375	26.458300942284495	49.20175222989064	89.97779625533542	118.6962216772333	123.38742763909877	170.9041301291787	181.9988696277573	241.09787372039833	235.30832277880035	300.0031634816665	415.10127181193303	767.544895301615	1046.807673775988	1349.8943967203165	1823.3340971580403	2032.722370118699	2044.2484024979387	2493.7924365416566	2839.1940934146946
0.16768329368110074	2.603923232450982	5.050418528379667	7.7904406561934465	8.408338132986527	14.409513976163645	17.172290674020076	20.43413402869633	22.674701494732595	25.42891989728576	19.54398301706627	52.94865222469696	86.88243256129658	110.44693617741392	140.20444339646542	151.9927924618552	148.9053143217518	201.53814019560014	214.22011128717745	285.67034645847434	585.1938497580846	693.9320375044248	1149.7687156930904	1181.0181786139515	1757.1300700405195	2001.712366187775	2262.107123727463	2490.4683979953456	2964.7350675578905
0.20235896477251566	2.59005552748319	5.432784818210336	7.348148422314532	10.615513799239762	14.845218333103185	16.002665084596146	14.887168870770582	18.30739366438902	24.95565502753018	22.354096771913117	45.401474572819176	81.807581858776	108.14345309960957	129.0197257364952	115.49601118504212	173.0776224022296	226.11628809805785	253.06063927920533	249.51365808356928	422.4213817618276	697.714162111844	966.0724329741836	1313.1760826519221	1618.709064449551	1728.0055900355935	1843.3409709432613	1974.6719691469239	2810.312496924013
0.2442053094548651	2.6211926234067415	4.77312096820099	7.519611721524377	8.816677523692338	12.097118260675536	16.0959497301218	17.792620207208667	18.52292892621481	19.80861020949888	26.01514495152141	53.830824174072966	70.49757564540162	106.43544578048318	109.64768676891411	157.70974821423167	183.62393440641262	169.54467844486152	215.19123794753742	268.66007683759426	475.1311224129757	764.563455859039	920.4434401987863	1126.3390657873833	1416.6073917552587	1600.815368005528	2094.4880984630686	1985.091221607804	2533.259613656148
0.29470517025518095	2.472269324746755	4.222956389381469	8.245821127412821	9.994321350337815	13.609160984409112	12.650052048465103	17.465942989557927	16.904456309467033	20.413701741158167	25.489227240157625	50.5634694954058	76.86054873901456	104.19266923092822	121.14505316451726	143.33617351964477	173.96072772623242	197.75506706485433	232.63489253927105	258.2158327511713	471.3189248045678	535.5107098192426	998.9084453900487	1048.1075964531221	1428.9348304147838	1689.0599383323017	2124.0578552687575	2040.8733060823963	2404.6721101699723
0.35564803062231287	2.4705104558932427	4.823044460192252	7.593864254394474	8.027069299645873	12.739869507406226	11.210180939025951	16.06439271779607	18.410688655771153	18.377879490047558	24.067483332828502	48.11853978049463	74.02753286065932	90.21244705233117	116.49689987641045	123.4100987418538	183.69453930384827	174.80080122820462	206.34670763947972	209.67295904942975	469.6510734755766	764.4911322924191	1033.9624960881806	1077.8989938503403	1365.1114048105821	1620.36638859345	1845.8761337729293	2115.093940493436	2246.534500405743
0.42919342601287763	2.2886232344132402	5.363299807006362	7.654359768611537	9.95884415601578	12.841225093429502	13.923233179333451	19.61795836011051	20.455290854237823	18.769726738806536	21.655925400233322	50.29593988065362	75.82355996519087	97.41895934828615	111.01153860065882	133.45277167826794	180.5954697473195	175.91486584327367	211.5461220330856	236.71031496667865	483.26888102764906	724.7972419130498	938.4500737578016	1084.89762735193	1586.5069208443497	1624.3546825272335	1789.9458227693203	2119.678734235954	2698.2744169049784
0.517947467923121	2.5139826379516634	4.75720930163438	6.864985298426758	9.524667252922619	13.27587925963456	15.908626469767201	17.73646963917382	19.419083674028467	19.80372039032448	24.266716122230395	49.7525622890327	75.59503250159459	89.74890675896737	122.75330890375339	140.70667027862947	180.93114771273756	205.08622778288648	197.47602088851463	228.29296850004764	491.41264853629673	815.1173997739894	1056.2476020442662	1193.9989096485053	1492.0211446132196	1844.7461271774446	2051.2531801949876	2158.7783514179223	2479.7458479210572
0.6250551925273969	2.6945341532163978	5.093711534099481	6.637753496702969	9.976151997076817	13.721153894548436	15.564283937443776	16.50725023404561	18.47240333771246	25.002742078083518	26.429850915395686	56.306832474316636	78.43561181355838	90.03080948135397	129.60202604010203	162.07064008898337	171.5574212925428	182.1580373598154	216.5981950913772	252.30825308669304	509.4549076464615	728.9102417738252	1131.4863231833087	1374.1792019791967	1359.812659797657	1739.8099799717618	1900.960082535188	2163.3639292243547	2722.1896524365557
0.7543120063354615	2.8927004062029322	5.523861250409042	8.350891929077077	9.879389162729892	13.421653557357322	14.847553726600331	19.45495219254952	20.030079682958647	21.128817814819463	26.64563763786349	57.340286632986995	79.31067090504315	102.29431947531201	125.61306057726856	138.72630991979756	165.8172611953248	203.8872430586732	240.82223905308746	244.27189446599417	481.7142120120365	700.8845299392962	1045.2988810587228	1222.636523696161	1765.893493776827	1715.6739280167728	2150.7821961390405	2347.7887427686646	2580.5432477000936
0.9102981779915218	2.4582482005785535	5.464406015840534	7.892764554169007	10.297855598792074	12.348658222227355	16.99105040032705	17.112484170394787	22.28360610937186	22.63201126304732	27.554132501744245	54.196618702317025	84.47068004953216	105.81518321503566	120.23324145349847	168.75007514307288	188.64006876124904	189.24226960812692	230.13084894719273	247.9237946538146	503.7916263449036	790.3653772821051	1071.0242163211879	1168.5748059548548	1712.0106384784679	1906.4300039168352	1982.1948833527208	2279.0207178878372	2862.7121611285506
1.0985411419875584	1.3998879047762054	3.0966290191086205	3.7784275911299003	6.284407505553537	7.562028829690011	9.91269014106076	9.788738624422411	11.463373914516268	12.956599436038333	14.149496245800322	30.144542271426054	39.66628894398556	52.06128633375255	71.58112174321431	109.78168771613868	109.30158450467482	117.2229822681298	138.95992892254725	146.85566211116975	313.0080614838078	470.56262388646724	604.8509213669471	686.1917212232984	918.7726155536568	1275.9084404404198	1144.677562710232	1353.8115594073206	1506.6856008709892
1.325711365590108	1.553762676074743	3.1665203737542176	4.710830323657731	5.246043970795696	8.006217361946565	9.396450226267163	11.128597915419991	10.520013369351137	14.220198682692374	14.671300760990055	29.646912856535955	44.21516796835236	61.73192454611589	58.823143648569385	81.4442496437998	106.49797384867475	115.7519194793081	126.36579715151669	175.92260402611527	284.1144444553282	422.33394329437874	644.7951169682881	603.1988382582931	815.2020978312703	1084.7834290633878	1138.3204774878843	1161.5348171931464	1515.1824300023736
1.5998587196060574	1.725321950869739	3.437074328948918	5.432875715881208	5.906283398243258	5.916937734604646	9.243090972722118	12.598469677540109	13.222236294979133	13.22148661950201	15.13767006997331	24.859588363293568	59.49620137659709	68.41345417885034	86.23173078180298	90.58316522165212	92.73525094547514	124.94443430138344	129.6976602107906	162.37445206782473	279.41905488165696	432.06339195785483	480.51172632106443	691.1350160349612	814.3720522654025	1010.687951771597	1122.293347519677	1295.7837223954498	1508.0723580664376
1.9306977288832496	2.006419490301847	2.9992030486496026	5.284491995475973	5.298070277857423	8.916682569753196	10.168952201608752	8.61123788187778	10.430008988020244	13.304192202964128	14.048959357834075	32.77631230633533	52.169611032275185	68.5951748145644	94.76208024096573	101.81044186297133	101.87124447833361	129.26212129669062	114.83421566526513	150.81129895360783	269.7960039780318	494.4820310496638	583.6020907167089	752.1943986950621	1124.5671883252157	1024.763309348085	976.9165436657495	1460.6453286205403	1755.5633034813598
2.329951810515372	1.5888365375157822	2.8392042918459763	5.006080057167162	5.524201653921088	7.588823328965108	7.52114454959019	12.379845861166551	11.817297463122213	12.551400597341313	11.915884108864642	27.448781937779458	52.841053727036254	47.307585793098625	87.66871704322543	100.98552120804524	154.31296022806447	117.37551051569969	115.39020465854291	166.84106495408184	298.44019004891845	536.2854045549543	701.9624587399153	830.4344868204715	994.5476762114388	900.6583482467114	1393.0262790609186	1420.465469727968	1661.3603146156845
2.811768697974228	1.1993665455015514	4.573896241928773	5.4537825058640585	5.4415770434716	9.772391264427718	10.999598613516415	11.67086636695257	16.21339369238713	13.751981769973755	17.518759757405583	28.768621682860392	50.61788030295942	65.32480724936588	68.88197592016093	97.78304926365229	84.82884849413261	147.75348360247625	179.1287637262603	181.27951793826355	428.4582365822404	516.9437327553445	763.5882779767851	725.4075645889758	862.7069871927404	1322.4658472061228	1222.0047193552964	1553.4514142305304	1871.1181020952877
3.3932217718953264	2.009817863300966	2.69538581563892	5.017527097240388	7.441205241354962	5.352791320139966	7.500732997244153	12.798595494448865	11.688556362474525	14.677191233748282	14.754901468267477	23.924473725641995	38.335335679274785	59.579275566377405	60.857212892487794	97.93898030955786	66.26431870171186	152.2411235885806	168.7886621208287	160.84518871784778	348.9631151351846	435.7307639001425	735.3584054317068	666.7398589986885	959.5578432375186	936.9435693972442	1567.0715279096758	1498.0002208936944	1430.3300566814546
4.094915062380423	1.49445258033116	2.4738145511282026	4.683097945678236	6.840116601514737	8.98059164917539	6.335498444528087	10.294493181261753	9.761175756311623	15.29117555249542	15.679781246735207	39.27719361303351	44.710593212624374	53.76101738100543	73.95810017233138	116.64191796421659	97.84697252885981	75.57593543470156	172.72183021913548	134.52710440453694	382.81033676896396	310.5909703924229	449.7623164671554	638.2114550136009	970.1145747418777	808.8039042578737	1070.4095100010359	1368.8344612102128	2664.6870843598153
4.941713361323833	1.7638948839102087	3.733937748462245	3.8571787910296913	5.570384472900651	7.019522338697189	11.64837741805724	7.024333466193539	11.044376471973322	15.142460828612478	14.680985425363627	26.722683202300118	39.59851997072005	46.64957514579104	54.721583904268186	146.98765911253133	138.74260350055516	171.1865298503029	147.20659265376565	138.79813505882942	379.1464220553634	514.512856052935	732.928271903724	855.0360846091619	952.7788575403623	954.642306649454	1123.916079183421	1333.7071301444075	1522.9898302042038
5.963623316594643	2.3156188198123386	3.165048839252342	6.8463297406925046	8.208165799633194	9.720183496254133	9.487158663573746	12.346941368312699	12.264707415803173	14.47938296890305	15.835611105309022	25.738951106966972	47.746897790802635	80.71079505919607	83.21902003451859	113.99592574414586	84.69966560299095	173.53728433379916	178.86124381903795	163.9340102732173	489.86392168555034	571.8141722470696	621.9642472119327	961.0963412029527	1287.2913027300426	1427.4006565948216	1238.3054991837826	1868.1280320868705	2293.350052002344
7.196856730011514	2.077426589127019	1.5931532474959318	6.585377824724844	8.668434315827003	8.34249389603448	10.064173704610262	9.640998988462758	10.504229076949265	15.197290072100767	19.157605966351547	32.695161069067545	48.54736422742613	50.78239116168942	69.59874614137597	164.55679008343338	130.1018653533087	180.4959924765012	208.47998995305574	218.31512315708548	297.3680792687146	647.8772234019324	569.330382317853	1321.575249252108	957.0249297532308	887.8486467451924	1358.8160746679237	1243.1864437475951	1399.5420735557777
8.68511373751352	1.9147092095515035	2.4712825893721506	3.2922503924588487	4.313929011535025	5.884783279045973	9.702105607444464	9.528715067875872	15.83495939365376	24.267495955044723	23.676083361874426	37.04317499746443	37.001132832069885	92.69197271384479	70.03238084248667	62.643121482523945	109.46467721478118	148.71973266988783	134.68070430474546	160.60220244795633	570.9215930601767	580.6992527905022	541.8416907412013	998.3673126048847	1027.0031697096556	756.0717351113565	2101.3082500283967	1989.4698866234107	2432.4742492671594
10.481131341546853	2.4144502800063155	2.0859069811386224	5.023214541004018	8.422737104383891	6.544506804719115	10.810894633044303	5.714600427060566	18.54401426014233	11.534847925510592	27.075602204853027	31.146920192573422	35.930773755755766	51.85284302523951	99.26574052666311	60.31895047930995	161.87557259226156	89.96060173505023	110.11035804563264	187.0663185120771	258.1627604219816	683.6991902955257	709.2731739664538	560.9075388364379	1307.827419417223	872.6791687001655	985.6753712899806	2450.5501567440024	2526.035947028173
12.648552168552959	1.986713315935748	2.621703683400102	4.729337228582473	5.804349108663218	12.29003753621684	13.425986160015686	10.121374602106076	18.60087674217746	13.542743774107144	13.644950948751	41.93250906750004	50.846299144468226	50.224138837640126	83.15877682953406	83.61505377423549	60.40957925190003	180.25043012931286	135.3466641914007	196.74312884219762	262.83522650088963	346.50998932961306	526.3277018936864	1033.3965099826082	918.7426857076782	784.3664596214076	718.7156837854982	1560.535734635832	1833.1948765649904
15.264179671752318	2.7286210630828744	4.723238301274454	4.019718952787871	8.878961742487537	12.139712051982603	6.880292951990854	17.927723028414952	15.623817480384837	15.919784341283464	13.620115531314063	31.987440944998532	31.12436706500076	84.96122936965456	118.12670396533369	169.92612444872174	131.25940425270426	134.3863041300571	243.36713302758	230.0431396674354	535.7662335240329	515.3160000761657	379.8492039208001	1376.615239517306	1206.0510003157221	1512.0923021345184	1999.4252889938093	1227.0733083749226	2206.6509469664375
18.420699693267146	3.156173161315712	5.42952218639725	6.072781446568691	10.774371840896709	5.492738117979944	6.320171528022341	9.916825623916042	14.527765109421537	7.446725429803717	14.423665930595591	26.889883651310974	31.153775320085558	45.39769887667326	147.89709820889775	104.14393498072727	134.64697150948533	245.40834223176526	123.73181757327231	123.28188381567601	584.6816307546756	411.49989590483494	893.8413719770033	882.522865771934	1131.1105029444059	1911.6234583484115	2145.194797189655	2043.0796833683187	925.7873273922783
22.229964825261934	2.4099187427086965	5.744514954427768	3.013433535558791	13.45665047227707	15.204389194424703	18.60188962219887	13.283749785462692	7.427914823793136	7.810698971034192	11.571851325394082	73.91522474667791	47.02927221104696	130.34599314694287	97.44203635851969	68.80441133024392	85.05658122994735	116.63298030123445	119.47935373644385	253.6107723058186	375.8971229293277	909.8582142631387	1399.3356802661774	1152.7967150027036	1496.0676976757936	1856.5555268787894	1726.8020501501846	2841.072035043493	2031.6480582639113
26.826957952797247	3.7312361927665902	2.4484336508982283	4.721896334892725	8.664721011290915	5.654157973137139	13.052606255411575	29.925731560025035	15.466035932591787	13.357344372381938	21.799266910770953	17.93410354505148	40.64010061935785	105.03456765868607	137.00580742164357	202.8629146999147	189.76864555305679	379.09082640518875	232.6741976823295	191.2873469756321	636.0596795288266	1319.575647995076	633.7311810543249	1260.1880591695658	1304.4503092279901	661.0199054413151	576.1997050284976	1717.131646056515	3582.5229425062603
32.374575428176435	2.705941190231968	5.047271820578818	11.82293831693438	12.355516915336988	14.446483617462672	12.59397600211752	22.56434783838827	19.627719980068044	27.52406572063864	21.294872341119024	79.51060123465241	53.97973901563156	159.58850565709153	92.28981262118877	55.874528342968446	355.64629011396744	157.1440373584739	232.08276314253806	194.18766878713552	510.32959919260406	400.4051569833672	921.8232750929191	677.7550194673246	1336.819528822418	1452.1763854516405	1612.2727219526812	2018.3617543564937	1913.3090855681348
39.06939937054613	1.7658642765139465	4.822969826160245	5.083157117312353	15.248059515395614	17.90053512663522	20.310322321118107	18.752810454172547	18.475677413332146	29.662376547507897	16.12427504340948	26.45044778437947	79.72832613101905	137.7369023910066	75.61806091395974	267.32490888058766	323.544385647221	203.85819460424307	379.77746244772345	503.30533870825394	574.7341297578668	923.5776539349299	582.6726349711489	1548.6730350263265	1861.5714672145682	1226.2211492342603	4437.607791082665	2347.5886905723883	1635.5427361549532
47.1486636345739	4.270941181497616	6.2084932968861075	5.231042245634193	5.973279446218126	12.513962533709261	34.95391674886478	13.073809586878232	27.412430678084334	34.65174320426398	30.128825803452656	41.62568533363443	51.82081693819119	95.19180044406698	121.8539390682246	287.4524792123258	261.94248356898566	336.52789675227444	386.0791538460007	446.4316636559332	567.56584427231	1285.3202161811405	1584.8137865654894	1262.0895890884087	1270.8033568525448	1863.831010486198	2978.8895341117704	1269.957936874422	3994.979509136107
56.89866029018293	3.0801562576512547	7.341007526599005	13.987591802406534	18.231784883531468	14.511025354416441	27.216818156329623	26.036108623092996	29.433007623876854	26.58589116855428	53.777504331354706	89.63261815562502	80.31137901283016	152.96949165526894	90.48873345862148	177.0581233518618	48.70905439540192	258.1780149149598	78.20572428667201	485.22417069462296	546.628785693229	1064.1830682345662	1795.1715789314585	998.5120872262048	1273.231344358876	3123.131914194185	3190.4839546649237	4746.983638896296	4749.197867937652
68.66488450042998	2.5475087242534853	4.069803808027029	9.64127376247291	16.55092611429267	28.247198558144962	34.90005280643734	15.410620229747785	10.949814968942189	61.41882825939563	63.27528868743853	96.14320509073573	118.46945544792698	105.85162035742127	81.70976089000317	156.28136972676054	127.09033833243382	76.69166447311227	292.7184954288137	275.71352756401876	550.4574149130897	300.79941514433216	1800.195729833308	2386.8590324138836	1129.3983420836516	2450.8312979981147	3718.9292335482346	3208.76538699469	4206.78918403456
82.86427728546842	2.37051610621679	17.591605916823376	18.590212354149088	21.133258496955996	26.475331766445027	11.714723333595117	23.633137418645646	15.935260260643982	49.51956132997889	32.38043135638	84.549451618077	246.69468602262484	271.5842951035931	312.90889071017733	519.2533183850048	148.53160820130736	359.68649402268477	263.17203222942317	406.08034093464585	1443.8155063758495	901.0038428903247	2960.5158450268027	1732.54215911999	1313.5172385732835	2137.465103628674	1183.2839583661464	7489.888925330966	3718.0092687486426
100.0	7.210642284912732	17.833670410574218	12.448871511674222	20.381441987522198	26.101645587172356	48.243526056470515	32.07069169452693	36.29394326776305	67.97808594130697	65.72365567970621	58.598305097021495	139.089738795097	242.03695570696732	338.51511463358906	204.37911476688458	108.88518016469551	216.06474768171557	816.2765842662857	152.99617391623974	521.0572950304937	2642.8310608623547	2043.0363108836905	1645.1353243769486	5275.82527962532	3441.576921839054	444.11599581032965	5299.043382827786	2525.338351819799
