0.01	0.7502963122799786	1.3955568493930797	2.113227426636381	2.7257545922735087	2.549884576482044	2.5564700945881773	5.275227800474569	5.69209943157138	5.828466618211666	7.071307236028557	15.873213922981694	20.51172045974181	28.773806828012315	24.09230028594574	41.6983875571404	55.157235340591185	37.714133980566814	59.1341364785133	74.17083312822176	128.34619412561844	210.21070757774825	277.2049638255322	357.23165196793195	380.4969546249673	445.267439018756	517.3702767107002	571.8493849180386	643.9226885056943
0.012067926406393288	0.47375376780656003	1.3518377467491351	1.8672089911829657	1.707232511934334	2.2948677080872724	2.489029641208525	3.60576498757033	5.156400037204245	5.267559228812887	6.921224118325983	12.028730028354918	19.210179859520125	26.141208213149095	25.286647671517393	29.24167750913084	45.95385267223368	55.67410231393801	58.08415835808515	65.2446141043944	140.2103568325196	183.54856072331725	253.8752308138363	284.7826814431124	363.1110937829169	358.9145941614133	476.1311968056956	529.8070802843386	674.6370491815595
0.014563484775012436	0.6787089198408072	1.2683174314076422	1.2919035712703348	1.84970705512538	2.514889591250831	2.4731710735920203	4.925887634238233	4.966153739566792	3.702848102342826	7.104793020477014	11.672565258761589	20.33875630650862	24.124961796658006	23.49642900457772	38.276470109083974	47.99917512313855	50.329975957430655	57.303220447817836	61.73473695373747	123.93018966582834	181.49261600419112	269.1751966443218	318.41996859582974	390.1869325498493	457.8284558531675	499.7922134550488	522.8336832153554	612.0390514209237
0.017575106248547922	0.4998956764498101	1.2064042125167365	1.772212820548379	1.6534122729172132	2.537681799118417	2.4749014081127325	4.433852463927154	3.514890171161818	5.26624253211414	6.45392259802124	12.608791548063921	20.549368557151265	25.83504070679528	22.894298876989314	38.62756676597792	44.187429967262744	34.20794372510329	41.08992940368279	63.938808723555596	88.86022038105465	185.96373449875995	239.70218735351972	278.9013348963554	396.9997469423345	347.7712278225898	468.7185706566346	507.4682314024843	674.1961133530482
0.021209508879201904	0.6696792079286613	1.2040294900501862	1.3042623728334073	1.829449981491679	3.2467727775955004	2.6280177647912746	4.779306666854849	4.679754083005676	4.117250516240392	6.308586729636974	11.789428549831326	17.23901345478624	25.511631507289017	32.32455670756231	36.05314896922131	42.12017503897049	47.032213652533315	43.62413114058574	59.01164374184101	121.58572480753845	175.29442568258887	248.8579471797871	296.16220998794915	369.2142176165924	340.7452068225143	437.0725180319997	524.4935309880156	640.89351691569
0.025595479226995357	0.6144464622524342	1.2269709369668447	1.846939965704667	2.3485375200105696	2.5945575345958263	2.594842878121642	4.273888130062689	4.874478063713122	3.883022579740106	6.211646538844126	10.441005118980808	18.697342812497222	17.63339035427549	31.780306113612433	26.485281635223203	41.49436290613585	47.52021103204703	52.95704994612687	47.66642426724261	126.58082702201179	131.93134446229612	200.5140039684759	295.3917690796558	375.75556937380026	428.20974658257956	465.94342306683706	523.6441948334249	651.0283494770958
0.030888435964774818	0.5176812751948798	0.9451667728631432	1.3355175492459241	1.8012966455615023	2.4475366720818723	2.6038063645564202	3.250914848061434	4.670960406785817	4.813717402690145	4.864474889855232	11.069245534927806	18.10949623640898	24.155130659472228	23.600623775537684	28.84589719769564	32.74702249073934	34.4292743074088	41.57761456978031	61.1022450775162	94.25333928088233	174.14255392062057	225.33793183778795	302.5734943278602	362.2125755176012	349.01905531730677	479.23525339608557	566.896801457764	667.5181671725322
0.0372759372031494	0.4761734008831979	1.1604180406440858	1.4473919985491457	1.8934027591611167	3.2550735215794426	2.830840538635969	4.3691871828384246	4.597580786800918	5.472487011520503	6.256401227439927	11.223987863868187	17.74974055317687	22.818057586313344	23.64838636860462	38.499562115275864	43.76058041864884	49.774261100262585	52.94339924434885	57.199425536202305	127.04823005657387	185.03480895898883	235.82074660797338	312.0094300896025	379.91611645701823	369.38610707570234	506.9524256390675	543.0919079662782	580.6355286677269
0.04498432668969444	0.5235290938642818	1.2565416859887717	1.5154343510469683	2.4890376942047605	2.557868785726788	2.894414943562973	4.55483279226449	4.176765798727205	5.565885858967586	6.62733244958989	11.810171304875222	18.66506935478551	20.395305507387953	31.170296644318007	29.722500216260467	40.77259384804414	49.36557411957165	53.78571177258384	65.23242243912382	128.20676933996984	183.5833087003699	246.85072872163735	290.99696164229965	364.46431531913095	459.53367359979745	469.5316773257572	536.0005335339896	617.2992262296399
0.054286754393238594	0.5528707261177211	1.2202849650909888	1.9214387059712037	2.4617900273873703	2.8532497003475283	3.1973863616161733	4.202716148934837	5.000585940969836	5.6002604392996576	5.948370324049421	12.457670844899681	19.207214347432966	25.848835493451688	29.739945255253087	38.6532236105404	45.81496078550701	46.808704527390745	54.922948287653554	63.00305093506198	133.66174854848364	189.58857821456132	245.92066432046838	298.2026731059264	384.4205362236098	267.10628218825747	521.3523079944873	549.3824824436949	662.1797741189802
0.0655128556859551	0.6658754842036326	1.3148132923935096	1.97110202860937	2.7751150319165268	3.1827522696164543	3.9527608274909998	4.716627995955433	5.845499522799975	5.835761899113279	7.402709478502022	13.202100038178836	20.28884248975797	26.5776155809533	32.18067913531527	40.13531789882293	48.21120459206014	52.30690744796006	64.30502184237523	66.97724025980116	144.87243096206043	203.03990792406154	275.32036815454063	331.32960709139667	390.15919727294965	479.9848734189235	528.5332211963109	623.425363186791	669.8797129331383
0.07906043210907697	0.716638152402967	1.445548224570103	2.0488202247963567	2.9367468982926157	4.019223297437884	4.317524422690181	4.9560309966955876	6.109197822770409	6.927116969306844	7.212146917737035	15.163891603599154	21.330160684168057	30.394620643117126	34.733678856711755	44.86503289520013	50.07574054945373	60.218031666148306	66.90849775450596	70.29201054178206	146.89414625226524	214.76323939040122	276.13786046273816	388.4643228992135	441.20242098151937	554.8081232649253	553.5981479008332	714.8259059292632	776.4028334106401
0.09540954763499938	0.830568021282299	1.638077070448457	2.3621683425859263	3.2377633698978334	3.7793340961178457	5.059239218830116	5.770684136133861	6.699485081322723	7.436903978819691	8.52937398144044	16.580552376255504	24.511233460261863	31.855194736004137	37.007074491901406	44.36356625088112	62.074681204061115	64.29316161767147	68.79668284268321	76.32201830923881	156.00953882360977	257.7325368322393	329.327624437788	411.8722809711643	470.6954683023701	530.3793972691957	652.4879953516491	718.8204213703192	855.23866837396
0.1151395399326447	0.9056849781498267	1.7977433942733705	2.6043465223819027	3.465805813985358	4.468380371549181	5.387751111773595	5.803624966191525	6.910817729768913	7.795782675497944	8.636497740291567	17.554266584791026	27.451198329480583	36.21084099850529	41.8378232165913	53.19374470638579	61.688738004723824	71.54512751706072	80.13042898243052	90.3858711454217	164.66487393027512	281.0559196317757	328.1457093479785	431.3397708347413	530.8379351965737	629.6988480045088	707.9562696864227	779.8830944964282	894.5769260057618
0.13894954943731375	0.9652661533015497	1.9980353235972863	2.84983617991928	3.8485474651054776	4.943883757119564	5.342842023579011	6.979400221411434	7.678833737554327	8.286154331801448	9.840302824185844	19.148542988678177	30.141709206236932	39.80177259500617	48.26899655389114	57.65033889600731	68.65047376584305	74.96931255436417	90.69415673563303	100.20705500913387	187.49964320845703	288.7369256275533	388.1412969690967	471.3472435290605	533.4317985014166	632.6376481216859	784.6914878538282	820.995431848021	996.4259490914991
0.16768329368110074	1.0525143916022444	2.1412292561477564	3.0178944363969444	4.269053599637809	5.3723181279204475	6.314144009813965	7.749255969315256	8.412683018393611	9.475074999393282	10.303391688769727	19.529384392937665	31.453025846758063	42.530531337503845	53.94581779369884	62.200714586912326	73.0256527151706	87.37769532970154	94.47022466850744	105.71868233869688	211.19922958613586	312.4392035013267	424.5893300967667	503.3312307072907	677.6456107361331	721.8801689678577	870.3986764141619	994.3090801485641	1082.4749262168516
0.20235896477251566	1.0872399994074908	2.3994248044627597	3.366919330819291	4.611661016031014	5.67411493488296	6.7222628518531025	7.723841435132045	9.193144926453902	9.714060757335542	11.584103628227354	22.560336814264474	34.185818239827526	44.32670570401552	55.58794199344172	66.5348756382623	79.14458527567092	94.70065035729775	107.91728836186154	111.45044888484068	221.46817299123455	336.95015170228976	440.6519030791849	564.087069407322	689.692063156921	827.1314520421331	932.7857308362313	1032.7689478364362	1140.9285872152377
0.2442053094548651	1.2370160635386327	2.5198804395847256	3.640848406860832	5.069267749669064	6.106778273432571	7.379272334687293	8.48657532906068	9.692128937952933	11.182308519890949	12.381491231890362	24.225240187377437	36.43220215552679	48.80390377122855	61.05111378861387	72.44595412718793	82.45319716379373	99.19101676975026	110.3664226353252	126.30316857830469	241.4842890996676	388.64666306335056	484.4570760479518	608.0639872277152	719.3694937705036	861.6653695060457	970.2225840271873	1134.6052505185878	1245.6440106476275
0.29470517025518095	1.2939684408104042	2.642886417259069	3.8988546389597256	5.265167119402325	6.196622600801641	7.717121341916516	9.185035609479366	10.502015012748009	12.01286686985931	12.973188418855562	25.99943679147306	37.981975323402374	52.1829396809032	64.09381176956535	79.46872664773635	89.08287746211319	107.62170329942529	118.97619162433651	127.72906497130973	254.82722556829384	380.52225664023746	515.0523744618305	652.0866515157663	798.9681113985988	903.830358342233	1003.6979416070646	1192.1094118110132	1366.5161277880902
0.35564803062231287	1.3897843183745078	2.6501586386920573	4.056542148905579	5.74469477715777	6.869868163033267	8.492559642784045	9.913429252597759	10.89139723801719	12.132076947417566	13.594631681359218	26.99735085324231	40.41044457782149	54.51336024595756	67.94570777177208	80.66985467488539	97.95248870756798	107.33734747003685	125.19887720923862	137.8767008612626	268.25985011171707	402.32677166064695	544.9598881953547	686.9074165532484	801.4674455804284	943.2675110104128	1061.7734976960041	1214.7946434454345	1373.4292612161175
0.42919342601287763	1.4429611639796023	2.911826343240099	4.318832843152622	5.793748582489851	7.066858527218207	8.545694087562255	9.848779274552854	11.243959368239622	12.622253661429161	14.204913296832661	27.945544977334606	44.08003683297184	57.42075831705719	70.67745379944259	83.94976012677137	101.524515125775	116.2023117575759	129.57191674369506	141.7785917000253	286.1605848399263	417.1335149111694	558.4518088697583	722.631135162649	879.6870875880031	987.7946676427202	1165.432596942999	1287.885444606366	1433.0852487813904
0.517947467923121	1.3997416017089597	3.0083325391424323	4.184469544901328	5.749154941715227	7.171152131724474	8.705980375077731	10.000427193078117	11.775861970419179	13.099022906488143	14.605428394701459	28.45643176074818	44.38211394394273	59.03577162612057	71.9762089784771	89.30368728066253	99.79971190640765	115.57837778738104	133.99999785843292	148.20613314453738	290.6606034289563	427.57177946061734	594.1792916130123	756.3301325507815	880.4660313400998	1003.0241538149216	1178.5938427564365	1309.414821438205	1499.379938295463
0.6250551925273969	1.4440201552097647	2.8441024127209564	4.468576760959927	5.780895672050271	7.319097617691247	8.704467866228105	9.967401706754973	11.30242250028536	12.971022551473478	15.240344521981719	28.80674705362251	44.98594691427756	57.303074728517636	70.98610306554215	85.581947300461	101.25169273574512	116.09551013402218	128.01741965809765	138.0787311227305	283.64464853611526	436.80142804896406	571.3565650335483	729.1012764673808	870.8060617080815	998.2252870212901	1174.6643575170651	1338.5000301881905	1487.819477078156
0.7543120063354615	1.436074465730587	2.9136856671096107	4.201517613183251	5.573181548398509	7.070348546341117	8.24997699620733	9.732123415860064	11.305798564128489	12.470248318339301	13.809124303064824	28.90306405621701	41.5237207693408	55.95266512906011	71.86523711004833	83.22961702073057	97.35758656941708	115.26942688250006	126.17436016680185	138.7166218788466	281.6557716691981	418.7265611848435	567.9204225490428	705.2697815471656	874.4333750419582	989.0062087956419	1159.172444558636	1316.3316264388302	1445.6577245554095
0.9102981779915218	1.415158030659525	2.7397588050566157	4.372588646108793	5.527399224108276	7.2164078582550655	8.216188474427273	9.758277833700511	11.305611545685807	12.594950244402991	13.806656093350183	28.743756033682306	41.57679280747344	57.179541433269016	71.95234996204573	84.58396442728184	95.54538460158476	111.7727953713774	129.03886568444887	137.02279152892174	285.2836683747519	416.9951861108277	555.7742539920305	686.4300848390897	861.0187557592552	961.0366835863936	1114.8754058660388	1251.0921572760299	1437.4304300651518
1.0985411419875584	2.330478028928219	4.673866705220902	6.79034896334394	9.045458705867949	11.809268731710047	14.117182181985239	15.781964929288764	17.990113830252106	21.151477066277625	23.32210137331674	46.67184151761661	70.29839700419315	90.18111316983024	118.08149065042889	138.8547336269169	157.12964374207152	185.2236075674095	203.73293763957085	235.44512924202994	467.2153089036186	683.1466479566409	948.0647272059941	1164.548108507334	1401.8787316430246	1628.52367714514	1804.203379738282	2075.5661043752602	2363.0182020798525
1.325711365590108	2.249989813567429	4.384605354501026	6.473771917139244	9.198855399029995	10.728304440365992	13.542885802018214	15.278760421844451	17.380587799701487	19.425560740630576	21.73453769875279	43.837160391658195	65.11974529094611	86.72069312416376	108.89294166623375	136.74859915581996	160.03086378848886	176.75689077086219	201.58062190832356	218.3223492803536	439.49089979269945	654.2416489708469	874.3935940150769	1094.8835525443103	1315.0754592871976	1508.0403601843561	1741.0960508163137	1979.9801580371043	2083.3711976312175
1.5998587196060574	2.0943869791468814	4.327901977725893	6.356483539894504	8.64735095726259	10.58968481517734	12.817110774877447	14.84843596008638	17.076633320991068	17.784058597502188	21.431361780358824	42.266375887942544	64.07380807038551	86.70762081338222	106.17442987093683	128.2906576138705	149.45314141377483	172.97472026640864	191.47094774320482	214.84062127078082	422.28317600921264	624.7112616159468	831.2297871038046	1061.0553881185954	1270.4872465016908	1468.9821571773227	1688.0846205254795	1901.711200024933	2112.6978067198143
1.9306977288832496	1.951762642237336	3.9611840909730773	5.968867467060729	8.696473661942898	9.763748945513862	11.83259165445663	13.766424932837893	16.715033452789616	18.187271279041404	19.831077304052965	39.26477841045929	58.786592763332635	80.1469335600182	99.11303036291697	118.85163378153814	138.10309161528298	171.09728886914982	179.2533247895723	194.04790150486306	404.40363528927566	649.4990085785881	793.2632467824371	991.7738560123775	1269.8450996922834	1386.008855391391	1728.6530329519192	1933.0033483538032	1975.162132230733
2.329951810515372	2.0884616420794746	4.148007304921953	6.357343822854297	8.34139507649888	11.160764501041394	13.219608527545219	14.373117268307519	17.83222787210148	18.359992234336886	20.549301738195386	41.56367956088794	62.78063064555258	82.32611566472497	110.49991991154702	126.46881130325748	146.5471186849684	167.15014479258207	184.64298120041192	221.38605725629643	410.66522100794214	631.7887624182483	866.3622419996399	1043.8273285496227	1235.1097325527699	1468.154471642396	1702.211313497357	1877.3048146340348	2154.944497378736
2.811768697974228	2.3227215821351814	4.668050933818615	7.074028810249458	9.428043267583872	11.733532422816563	14.073026668707108	16.808685047519443	18.681941247774116	21.083949687151566	24.211444448683885	48.64599735773738	65.59856303496146	97.93909546319125	115.98437802073795	138.3822082641168	164.26622589442198	192.20508376157926	215.5514988422303	236.9138145201532	467.9597564619318	690.4027534007971	935.0750941857086	1185.8968939918116	1154.2682007719757	1655.5771623741728	1905.4120702117764	2185.007162401914	2267.241140909809
3.3932217718953264	2.565668326074113	5.173973569894458	7.529857400473621	10.027372356902113	12.119843054136199	15.072860071781326	18.12013846860798	20.39542301281605	22.29073389848856	25.57175264153278	42.18761271975608	74.52618427619335	100.40634132173413	131.26765455052978	144.71632423749588	181.72406160217292	208.09427884903374	232.33205088033824	250.66480931507712	509.95629290483384	653.058477274794	1005.8375013849068	1258.7855271135593	1616.0892153866441	1801.9726464987293	2106.695466112309	2299.897429332876	2624.653240927457
4.094915062380423	2.756926648877708	5.68565452609506	8.568583196938524	11.86464444901631	13.037875398532496	16.959624598360293	20.30075717077252	22.674989332737432	25.40357637670386	28.7131531867193	52.92871737193946	82.79633650159197	110.9481155249685	136.38707249808232	166.78456930031797	186.76280296624333	225.9602099122301	253.2913264543055	271.5465334512525	554.5875977121718	699.1970343582858	1112.7739087159923	1456.295138799572	1702.0454839145045	1655.4094717329053	2196.8830536681053	2091.320791521083	2743.224308375143
4.941713361323833	3.043758487550287	6.183430333963544	9.827914009522457	12.422353365146972	16.05090766180521	18.466809109628105	21.356808246052122	25.615707353883817	28.574005235966574	30.292720363995038	64.47496499345837	92.37836266755977	127.61576676516316	158.27740515906007	191.33672158162875	215.97353671616833	256.14116490830605	290.21326578816837	317.3545961659325	588.0810918047176	934.8297571269605	1277.676322136867	1608.0413890517057	1874.23222442279	2192.6634777075133	2500.0809379963284	2766.872464258134	3260.6007846247185
5.963623316594643	3.5639559539948267	6.999429668819492	9.797398681253362	14.355645276226676	17.03571441402919	20.975267415412237	25.459811315053592	27.953969118514223	31.92279396138503	34.841920438890064	68.35450747414481	103.53050414198202	130.6219362181309	173.93260383307387	199.51201781087195	255.65254555060454	277.2342812338059	324.3902085089821	354.0678744574169	700.688231701632	1086.8428269544129	1365.1856648590733	1463.8152827786118	1995.7383336888354	2433.629533224503	2907.045050548045	2624.6403177835127	3452.649549044566
7.196856730011514	4.127010367819875	8.09916029567746	12.115783445512257	16.100596547578835	19.758481125884494	23.004017124076142	27.797211120908578	29.574325270457543	35.41238056443637	38.4614332296555	78.79405807471956	120.82781697748959	164.8190225292529	201.29674987190626	240.25707379130318	280.87908934345324	307.0840772307802	360.82775390359194	394.57705802029534	782.532119729299	1168.310223822051	1620.1015397536007	2056.647810792156	2334.5451074464	2698.3060566420904	3256.7484304552795	3470.05744997166	4012.7001524535435
8.68511373751352	4.516757593126425	9.069399975301025	12.830877822120547	17.95090423052253	21.96972704011727	27.12929436338758	31.28318982820511	35.003543090227076	39.35283592821153	43.589985771686344	90.34209090733958	128.9356343003032	171.06023273707729	222.91280109917523	274.6184516551921	306.24668023571047	352.4588655813036	407.1188425322515	439.84332109105424	902.3856477259525	1350.8044291017877	1765.7599367925877	2163.7893770939527	2641.3162425433925	3034.682919018554	3552.027274393334	4085.154974517869	4322.210496288507
10.481131341546853	5.077389787310803	9.73458816163293	15.006724162950213	20.10233703509785	24.96312736458266	31.217559202332964	34.4192833091114	39.57218060084034	46.16634439198644	50.587218535162314	99.07553314265127	150.73633064181516	199.2990990993239	244.1227396126826	297.1909151633221	347.49023772761996	414.2146369045321	432.7296067335249	500.9311738205846	970.1005477851535	1499.6337155725314	2028.388749774522	2030.9781646054303	2938.8400220462686	3466.5600727341953	3932.5459039570096	4344.63766207956	4969.299984801007
12.648552168552959	5.417589709615869	11.660745473456025	16.665875746890805	22.723527803515346	27.242028381167735	32.49359933176353	40.07498620161406	45.12917758552334	49.480199122132134	56.43415274826529	101.66356548087086	166.8157715413412	230.44763536893726	281.9908928173006	316.32515509524626	393.6241431773976	453.9862143659505	507.60639645611485	552.6541916387081	1143.2234012692907	1366.8831585119851	2263.8584890260922	2866.30674392533	3347.5158848572055	3869.5672931294143	4479.494759071194	4847.039799393006	5880.319408305572
15.264179671752318	6.413234298185243	12.970929127147732	19.03932060400618	24.831330676135977	32.56322572256828	37.24407736725553	43.57901453894213	50.594747498140066	57.42708484492971	60.346774107463396	124.3700687770214	186.11718788266805	233.53829444132433	316.459397534295	378.41440897524245	456.02365635362895	485.05061580363395	572.35268799293	633.7764621279548	1234.7377823635838	1880.2157837427258	2515.8616136668643	3238.219323017168	3712.4815492311886	4495.624517563506	4892.45791590341	5797.883558140068	6354.239925397966
18.420699693267146	7.317725530379615	14.252980948768213	21.526077053579897	28.250315141430725	35.690748235932915	42.9383258881148	51.199976915327454	55.74874347873109	64.23195162761104	74.130771872512	142.90720355315364	214.42536451827044	289.4018118794362	345.5617983724085	432.8296404582616	517.3461186773492	548.492138652843	658.9186629261721	734.0333314445169	1452.4327609900347	2030.171391208382	2903.66333711252	3673.0035047241363	4433.375190427598	4868.134740200988	5745.849565482499	6247.807524929967	7313.174187932129
22.229964825261934	8.153967528065328	16.4627096908779	24.048228540414122	32.47206935694637	40.308028616641174	50.42587554068426	54.47720142630415	65.18604858955233	74.19330185275335	81.89862208312084	159.64287279396473	237.51861196938646	319.54589610772507	406.4604418022758	497.5399616504127	570.9636246141113	661.7088966236826	739.4008877280976	828.8790743217975	1680.6977645554637	2458.2038893044473	3273.100347618394	4080.065202033793	4723.814824119994	5554.336483665175	6704.407235432787	7430.73996082558	7665.129685454696
26.826957952797247	9.172333137711995	18.319550409390903	27.190044776382877	36.35585283408802	44.21877623128921	54.29616816109294	65.14856999221819	71.15933919531722	83.3262563345547	91.90453261888759	187.83896111483682	276.84182277114667	366.76855108955914	467.46046935015124	558.8005709031987	637.1553739412503	737.5931140783553	815.0787255446459	940.2798204664728	1867.3115960283549	2681.0288045546267	3795.313514629292	4640.539094391244	5401.76712260214	6222.463235264086	7161.144555285573	8425.50706262749	9509.142621113393
32.374575428176435	10.194946855473425	20.58771413318725	31.13146099334236	41.06558509245477	51.62074319572474	62.5056893708612	73.92123967558382	85.18915428578781	94.58749888183365	103.70084971898808	205.31845572118067	305.30140788119286	401.5771372671827	514.3635419657837	619.3273743542287	735.3093692098483	813.3124571076753	929.7782160229322	1016.2125007227726	2091.2325765321816	3108.101008216222	4277.235398475321	5142.723868831157	6241.757360852264	7204.858836117786	8080.800840602163	9365.675503624607	10287.940788088437
39.06939937054613	11.954872002324255	22.446202808909227	36.35338685614874	46.68955322895155	59.050420559814704	66.57069928524473	82.68302048135801	93.27547262912324	101.33283368338657	116.37576631938047	229.06249160176142	353.83065275886077	475.17548285022156	598.6223831340923	713.7581321993795	828.6720775192292	930.7567074822172	1072.3288718067538	1188.1305779335514	2386.195286690146	3512.1277719748796	4441.628310478002	5835.572098507917	7068.090795637823	8467.417063007373	9500.375161500602	10288.21597675929	11620.72367880747
47.1486636345739	13.148710453609013	25.400412463274712	39.9159942681345	54.39842269847958	66.46358392343302	78.82173710371676	91.80356102749951	106.38556027471577	122.93909408137453	133.00036631516616	263.9226069273897	398.22025356964366	534.548417804082	682.6201201919712	785.179178635465	911.425351952021	1062.1700652784796	1215.6489980554468	1315.8079393092198	2624.6783555742422	3925.6543288360035	5185.5110088834645	6777.430853669447	7740.663829526125	9367.801904916441	10392.792546866032	12174.57572917754	12754.69564221912
56.89866029018293	15.429216426404295	29.491002682940323	45.68044322276094	60.63416939621119	74.95973126392563	92.19076851405354	105.23890704917187	114.74616436327827	135.35363969358872	150.99174362863164	308.5270778565219	451.01303196667595	602.2944398775362	724.1234554907729	899.0616984085	1025.419120929475	1190.9032742869458	1361.8201061434127	1511.4158784562333	2931.6433656369354	4572.8747046277	6110.66804230257	7476.105284539287	9005.555811511253	10707.272638210692	12136.814184034007	13021.58081031884	14504.90456264044
68.66488450042998	16.784245846623634	33.84791431839376	50.99285940695522	68.68929104674044	83.63233182257076	99.85286678052844	121.96863936413938	135.67860666306865	149.90302422175446	168.97431484749345	348.676940420504	498.41272315544916	686.2670715291981	875.3770274590028	1016.794878003788	1180.9783101083917	1351.8179648114162	1539.881674750714	1705.5724781110594	3342.2483907343826	5097.351794563181	6604.251652148899	8557.95184130109	10165.084342780303	11291.135772092273	13515.981981871553	15132.514667821466	17296.451345810863
82.86427728546842	19.361133462201714	38.08825534676705	60.16396160688827	74.10605437221116	94.84871499234654	111.28954503907364	133.8859655177994	159.66611573615282	176.04995593669443	195.06827877029457	392.2660272024255	572.3640573028345	782.1799677470815	985.4796668160943	1139.764575528856	1369.2530990279424	1533.2281840519986	1715.2881317117763	1974.5244275206287	3842.556870237914	5782.756476101704	7553.201914152505	9476.266466503104	11502.244531003598	13558.232120933022	15350.479715997431	17303.968539466325	19276.692735719836
100.0	21.837959428012393	44.75284583650772	61.839114080416294	88.47361605011154	109.00824558652755	132.41003008116556	155.09943764004677	163.76155087228994	193.96107689728944	219.58393183179433	437.99284687797865	660.160055219908	856.5709652596147	1091.2459382768286	1327.5463700623288	1543.2688355547962	1756.5602335516546	1903.3978253645519	2174.1022884243307	4344.397202483618	6452.822934799609	8908.53406137331	10794.998700881108	12940.997441625848	15243.92262939593	17455.175573412384	19663.559258044737	21517.883008969984
