   1.0000000E-03   1.0000000E-06   1.0000000E-06    1.000000     
    100.0000        0.000000        0.000000    
   1.0000000E-03   1.0000000E-06   1.0000000E-06    1.000000     
    200.0000        0.000000        0.000000    
   1.0000000E-03   1.0000000E-06   1.0000000E-06    1.000000     
    300.0000        0.000000        0.000000    
   1.0000000E-03   1.0000000E-06   1.0000000E-06    1.000000     
    400.0000        0.000000        0.000000    
   1.0000000E-03   1.0000000E-06   1.0000000E-06    1.000000     
    500.0000        0.000000        0.000000    
   1.0000000E-03   1.0000000E-06   1.0000000E-06    1.000000     
    600.0000        0.000000        0.000000    
   1.0000000E-03   1.0000000E-06   1.0000000E-06    1.000000     
    700.0000        0.000000        0.000000    
   1.0000000E-03   1.0000000E-06   1.0000000E-06    1.000000     
    800.0000        0.000000        0.000000    
   1.0000000E-03   1.0000000E-06   1.0000000E-06    1.000000     
    900.0000        0.000000        0.000000    
   1.0000000E-03   1.0000000E-06   1.0000000E-06    2.000000     
    100.0000        0.000000        0.000000    
   1.0000000E-03   1.0000000E-06   1.0000000E-06    2.000000     
    200.0000        0.000000        0.000000    
   1.0000000E-03   1.0000000E-06   1.0000000E-06    2.000000     
    300.0000        0.000000        0.000000    
   1.0000000E-03   1.0000000E-06   1.0000000E-06    2.000000     
    400.0000        0.000000        0.000000    
   1.0000000E-03   1.0000000E-06   1.0000000E-06    2.000000     
    500.0000        0.000000        0.000000    
   1.0000000E-03   1.0000000E-06   1.0000000E-06    2.000000     
    600.0000        0.000000        0.000000    
   1.0000000E-03   1.0000000E-06   1.0000000E-06    2.000000     
    700.0000        0.000000        0.000000    
   1.0000000E-03   1.0000000E-06   1.0000000E-06    2.000000     
    800.0000        0.000000        0.000000    
   1.0000000E-03   1.0000000E-06   1.0000000E-06    2.000000     
    900.0000        0.000000        0.000000    
   1.0000000E-03   1.0000000E-06   1.0000000E-06    3.000000     
    100.0000        0.000000       1.8334009E-38
   1.0000000E-03   1.0000000E-06   1.0000000E-06    3.000000     
    200.0000        0.000000       1.8334009E-38
   1.0000000E-03   1.0000000E-06   1.0000000E-06    3.000000     
    300.0000        0.000000       1.8334009E-38
   1.0000000E-03   1.0000000E-06   1.0000000E-06    3.000000     
    400.0000        0.000000       1.8334009E-38
   1.0000000E-03   1.0000000E-06   1.0000000E-06    3.000000     
    500.0000        0.000000       1.8334009E-38
   1.0000000E-03   1.0000000E-06   1.0000000E-06    3.000000     
    600.0000        0.000000       1.8334009E-38
   1.0000000E-03   1.0000000E-06   1.0000000E-06    3.000000     
    700.0000        0.000000       1.8334009E-38
   1.0000000E-03   1.0000000E-06   1.0000000E-06    3.000000     
    800.0000        0.000000       1.8334009E-38
   1.0000000E-03   1.0000000E-06   1.0000000E-06    3.000000     
    900.0000        0.000000       1.8334009E-38
   1.0000000E-03   1.0000000E-06   1.0000000E-06    4.000000     
    100.0000        0.000000       4.5284263E-36
   1.0000000E-03   1.0000000E-06   1.0000000E-06    4.000000     
    200.0000        0.000000       4.5284263E-36
   1.0000000E-03   1.0000000E-06   1.0000000E-06    4.000000     
    300.0000        0.000000       4.5284263E-36
   1.0000000E-03   1.0000000E-06   1.0000000E-06    4.000000     
    400.0000        0.000000       4.5284263E-36
   1.0000000E-03   1.0000000E-06   1.0000000E-06    4.000000     
    500.0000        0.000000       4.5284263E-36
   1.0000000E-03   1.0000000E-06   1.0000000E-06    4.000000     
    600.0000        0.000000       4.5284263E-36
   1.0000000E-03   1.0000000E-06   1.0000000E-06    4.000000     
    700.0000        0.000000       4.5284263E-36
   1.0000000E-03   1.0000000E-06   1.0000000E-06    4.000000     
    800.0000        0.000000       4.5284263E-36
   1.0000000E-03   1.0000000E-06   1.0000000E-06    4.000000     
    900.0000        0.000000       4.5284263E-36
   1.0000000E-03   1.0000000E-06   1.0000000E-06    5.000000     
    100.0000        0.000000       3.5397641E-34
   1.0000000E-03   1.0000000E-06   1.0000000E-06    5.000000     
    200.0000        0.000000       3.5397641E-34
   1.0000000E-03   1.0000000E-06   1.0000000E-06    5.000000     
    300.0000        0.000000       3.5397641E-34
   1.0000000E-03   1.0000000E-06   1.0000000E-06    5.000000     
    400.0000        0.000000       3.5397641E-34
   1.0000000E-03   1.0000000E-06   1.0000000E-06    5.000000     
    500.0000        0.000000       3.5397641E-34
   1.0000000E-03   1.0000000E-06   1.0000000E-06    5.000000     
    600.0000        0.000000       3.5397641E-34
   1.0000000E-03   1.0000000E-06   1.0000000E-06    5.000000     
    700.0000        0.000000       3.5397641E-34
   1.0000000E-03   1.0000000E-06   1.0000000E-06    5.000000     
    800.0000        0.000000       3.5397641E-34
   1.0000000E-03   1.0000000E-06   1.0000000E-06    5.000000     
    900.0000        0.000000       3.5397641E-34
   1.0000000E-03   1.0000000E-06   1.0000000E-06    6.000000     
    100.0000        0.000000       1.1337572E-32
   1.0000000E-03   1.0000000E-06   1.0000000E-06    6.000000     
    200.0000        0.000000       1.1337572E-32
   1.0000000E-03   1.0000000E-06   1.0000000E-06    6.000000     
    300.0000        0.000000       1.1337572E-32
   1.0000000E-03   1.0000000E-06   1.0000000E-06    6.000000     
    400.0000        0.000000       1.1337572E-32
   1.0000000E-03   1.0000000E-06   1.0000000E-06    6.000000     
    500.0000        0.000000       1.1337572E-32
   1.0000000E-03   1.0000000E-06   1.0000000E-06    6.000000     
    600.0000        0.000000       1.1337572E-32
   1.0000000E-03   1.0000000E-06   1.0000000E-06    6.000000     
    700.0000        0.000000       1.1337572E-32
   1.0000000E-03   1.0000000E-06   1.0000000E-06    6.000000     
    800.0000        0.000000       1.1337572E-32
   1.0000000E-03   1.0000000E-06   1.0000000E-06    6.000000     
    900.0000        0.000000       1.1337572E-32
   1.0000000E-03   1.0000000E-06   1.0000000E-06    7.000000     
    100.0000        0.000000       1.7523454E-31
   1.0000000E-03   1.0000000E-06   1.0000000E-06    7.000000     
    200.0000        0.000000       1.7523454E-31
   1.0000000E-03   1.0000000E-06   1.0000000E-06    7.000000     
    300.0000        0.000000       1.7523454E-31
   1.0000000E-03   1.0000000E-06   1.0000000E-06    7.000000     
    400.0000        0.000000       1.7523454E-31
   1.0000000E-03   1.0000000E-06   1.0000000E-06    7.000000     
    500.0000        0.000000       1.7523454E-31
   1.0000000E-03   1.0000000E-06   1.0000000E-06    7.000000     
    600.0000        0.000000       1.7523454E-31
   1.0000000E-03   1.0000000E-06   1.0000000E-06    7.000000     
    700.0000        0.000000       1.7523454E-31
   1.0000000E-03   1.0000000E-06   1.0000000E-06    7.000000     
    800.0000        0.000000       1.7523454E-31
   1.0000000E-03   1.0000000E-06   1.0000000E-06    7.000000     
    900.0000        0.000000       1.7523454E-31
   1.0000000E-03   1.0000000E-06   1.0000000E-06    8.000000     
    100.0000        0.000000       1.4636368E-30
   1.0000000E-03   1.0000000E-06   1.0000000E-06    8.000000     
    200.0000        0.000000       1.4636368E-30
   1.0000000E-03   1.0000000E-06   1.0000000E-06    8.000000     
    300.0000        0.000000       1.4636368E-30
   1.0000000E-03   1.0000000E-06   1.0000000E-06    8.000000     
    400.0000        0.000000       1.4636368E-30
   1.0000000E-03   1.0000000E-06   1.0000000E-06    8.000000     
    500.0000        0.000000       1.4636368E-30
   1.0000000E-03   1.0000000E-06   1.0000000E-06    8.000000     
    600.0000        0.000000       1.4636368E-30
   1.0000000E-03   1.0000000E-06   1.0000000E-06    8.000000     
    700.0000        0.000000       1.4636368E-30
   1.0000000E-03   1.0000000E-06   1.0000000E-06    8.000000     
    800.0000        0.000000       1.4636368E-30
   1.0000000E-03   1.0000000E-06   1.0000000E-06    8.000000     
    900.0000        0.000000       1.4636368E-30
   1.0000000E-03   1.0000000E-06   9.9999997E-06    1.000000     
    100.0000        0.000000       2.7190565E-35
   1.0000000E-03   1.0000000E-06   9.9999997E-06    1.000000     
    200.0000        0.000000       2.7190565E-35
   1.0000000E-03   1.0000000E-06   9.9999997E-06    1.000000     
    300.0000        0.000000       2.7190565E-35
   1.0000000E-03   1.0000000E-06   9.9999997E-06    1.000000     
    400.0000        0.000000       2.7190565E-35
   1.0000000E-03   1.0000000E-06   9.9999997E-06    1.000000     
    500.0000        0.000000       2.7190565E-35
   1.0000000E-03   1.0000000E-06   9.9999997E-06    1.000000     
    600.0000        0.000000       2.7190565E-35
   1.0000000E-03   1.0000000E-06   9.9999997E-06    1.000000     
    700.0000        0.000000       2.7190565E-35
   1.0000000E-03   1.0000000E-06   9.9999997E-06    1.000000     
    800.0000        0.000000       2.7190565E-35
   1.0000000E-03   1.0000000E-06   9.9999997E-06    1.000000     
    900.0000        0.000000       2.7190565E-35
   1.0000000E-03   1.0000000E-06   9.9999997E-06    2.000000     
    100.0000        0.000000       2.1230418E-32
   1.0000000E-03   1.0000000E-06   9.9999997E-06    2.000000     
    200.0000        0.000000       2.1230418E-32
   1.0000000E-03   1.0000000E-06   9.9999997E-06    2.000000     
    300.0000        0.000000       2.1230418E-32
   1.0000000E-03   1.0000000E-06   9.9999997E-06    2.000000     
    400.0000        0.000000       2.1230418E-32
   1.0000000E-03   1.0000000E-06   9.9999997E-06    2.000000     
    500.0000        0.000000       2.1230418E-32
   1.0000000E-03   1.0000000E-06   9.9999997E-06    2.000000     
    600.0000        0.000000       2.1230418E-32
   1.0000000E-03   1.0000000E-06   9.9999997E-06    2.000000     
    700.0000        0.000000       2.1230418E-32
   1.0000000E-03   1.0000000E-06   9.9999997E-06    2.000000     
    800.0000        0.000000       2.1230418E-32
   1.0000000E-03   1.0000000E-06   9.9999997E-06    2.000000     
    900.0000        0.000000       2.1230418E-32
   1.0000000E-03   1.0000000E-06   9.9999997E-06    3.000000     
    100.0000        0.000000       1.6984556E-30
   1.0000000E-03   1.0000000E-06   9.9999997E-06    3.000000     
    200.0000        0.000000       1.6984556E-30
   1.0000000E-03   1.0000000E-06   9.9999997E-06    3.000000     
    300.0000        0.000000       1.6984556E-30
   1.0000000E-03   1.0000000E-06   9.9999997E-06    3.000000     
    400.0000        0.000000       1.6984556E-30
   1.0000000E-03   1.0000000E-06   9.9999997E-06    3.000000     
    500.0000        0.000000       1.6984556E-30
   1.0000000E-03   1.0000000E-06   9.9999997E-06    3.000000     
    600.0000        0.000000       1.6984556E-30
   1.0000000E-03   1.0000000E-06   9.9999997E-06    3.000000     
    700.0000        0.000000       1.6984556E-30
   1.0000000E-03   1.0000000E-06   9.9999997E-06    3.000000     
    800.0000        0.000000       1.6984556E-30
   1.0000000E-03   1.0000000E-06   9.9999997E-06    3.000000     
    900.0000        0.000000       1.6984556E-30
   1.0000000E-03   1.0000000E-06   9.9999997E-06    4.000000     
    100.0000        0.000000       4.3435805E-29
   1.0000000E-03   1.0000000E-06   9.9999997E-06    4.000000     
    200.0000        0.000000       4.3435805E-29
   1.0000000E-03   1.0000000E-06   9.9999997E-06    4.000000     
    300.0000        0.000000       4.3435805E-29
   1.0000000E-03   1.0000000E-06   9.9999997E-06    4.000000     
    400.0000        0.000000       4.3435805E-29
   1.0000000E-03   1.0000000E-06   9.9999997E-06    4.000000     
    500.0000        0.000000       4.3435805E-29
   1.0000000E-03   1.0000000E-06   9.9999997E-06    4.000000     
    600.0000        0.000000       4.3435805E-29
   1.0000000E-03   1.0000000E-06   9.9999997E-06    4.000000     
    700.0000        0.000000       4.3435805E-29
   1.0000000E-03   1.0000000E-06   9.9999997E-06    4.000000     
    800.0000        0.000000       4.3435805E-29
   1.0000000E-03   1.0000000E-06   9.9999997E-06    4.000000     
    900.0000        0.000000       4.3435805E-29
   1.0000000E-03   1.0000000E-06   9.9999997E-06    5.000000     
    100.0000        0.000000       5.2967652E-28
   1.0000000E-03   1.0000000E-06   9.9999997E-06    5.000000     
    200.0000        0.000000       5.2967652E-28
   1.0000000E-03   1.0000000E-06   9.9999997E-06    5.000000     
    300.0000        0.000000       5.2967652E-28
   1.0000000E-03   1.0000000E-06   9.9999997E-06    5.000000     
    400.0000        0.000000       5.2967652E-28
   1.0000000E-03   1.0000000E-06   9.9999997E-06    5.000000     
    500.0000        0.000000       5.2967652E-28
   1.0000000E-03   1.0000000E-06   9.9999997E-06    5.000000     
    600.0000        0.000000       5.2967652E-28
   1.0000000E-03   1.0000000E-06   9.9999997E-06    5.000000     
    700.0000        0.000000       5.2967652E-28
   1.0000000E-03   1.0000000E-06   9.9999997E-06    5.000000     
    800.0000        0.000000       5.2967652E-28
   1.0000000E-03   1.0000000E-06   9.9999997E-06    5.000000     
    900.0000        0.000000       5.2967652E-28
   1.0000000E-03   1.0000000E-06   9.9999997E-06    6.000000     
    100.0000        0.000000       3.7148820E-27
   1.0000000E-03   1.0000000E-06   9.9999997E-06    6.000000     
    200.0000       1.1946636E-38   3.7148820E-27
   1.0000000E-03   1.0000000E-06   9.9999997E-06    6.000000     
    300.0000       1.7919958E-38   3.7148820E-27
   1.0000000E-03   1.0000000E-06   9.9999997E-06    6.000000     
    400.0000       2.3893271E-38   3.7148820E-27
   1.0000000E-03   1.0000000E-06   9.9999997E-06    6.000000     
    500.0000       2.9866597E-38   3.7148820E-27
   1.0000000E-03   1.0000000E-06   9.9999997E-06    6.000000     
    600.0000       3.5839915E-38   3.7148820E-27
   1.0000000E-03   1.0000000E-06   9.9999997E-06    6.000000     
    700.0000       4.1813241E-38   3.7148820E-27
   1.0000000E-03   1.0000000E-06   9.9999997E-06    6.000000     
    800.0000       4.7786660E-38   3.7148820E-27
   1.0000000E-03   1.0000000E-06   9.9999997E-06    6.000000     
    900.0000       5.3759997E-38   3.7148820E-27
   1.0000000E-03   1.0000000E-06   9.9999997E-06    7.000000     
    100.0000       3.0452441E-38   1.6763960E-26
   1.0000000E-03   1.0000000E-06   9.9999997E-06    7.000000     
    200.0000       6.0904882E-38   1.6763960E-26
   1.0000000E-03   1.0000000E-06   9.9999997E-06    7.000000     
    300.0000       9.1357300E-38   1.6763960E-26
   1.0000000E-03   1.0000000E-06   9.9999997E-06    7.000000     
    400.0000       1.2180976E-37   1.6763960E-26
   1.0000000E-03   1.0000000E-06   9.9999997E-06    7.000000     
    500.0000       1.5226219E-37   1.6763960E-26
   1.0000000E-03   1.0000000E-06   9.9999997E-06    7.000000     
    600.0000       1.8271460E-37   1.6763960E-26
   1.0000000E-03   1.0000000E-06   9.9999997E-06    7.000000     
    700.0000       2.1316711E-37   1.6763960E-26
   1.0000000E-03   1.0000000E-06   9.9999997E-06    7.000000     
    800.0000       2.4361953E-37   1.6763960E-26
   1.0000000E-03   1.0000000E-06   9.9999997E-06    7.000000     
    900.0000       2.7407187E-37   1.6763960E-26
   1.0000000E-03   1.0000000E-06   9.9999997E-06    8.000000     
    100.0000       1.0698557E-37   5.2558881E-26
   1.0000000E-03   1.0000000E-06   9.9999997E-06    8.000000     
    200.0000       2.1397115E-37   5.2558881E-26
   1.0000000E-03   1.0000000E-06   9.9999997E-06    8.000000     
    300.0000       3.2095685E-37   5.2558881E-26
   1.0000000E-03   1.0000000E-06   9.9999997E-06    8.000000     
    400.0000       4.2794229E-37   5.2558881E-26
   1.0000000E-03   1.0000000E-06   9.9999997E-06    8.000000     
    500.0000       5.3492795E-37   5.2558881E-26
   1.0000000E-03   1.0000000E-06   9.9999997E-06    8.000000     
    600.0000       6.4191371E-37   5.2558881E-26
   1.0000000E-03   1.0000000E-06   9.9999997E-06    8.000000     
    700.0000       7.4889928E-37   5.2558881E-26
   1.0000000E-03   1.0000000E-06   9.9999997E-06    8.000000     
    800.0000       8.5588458E-37   5.2558881E-26
   1.0000000E-03   1.0000000E-06   9.9999997E-06    8.000000     
    900.0000       9.6287033E-37   5.2558881E-26
   1.0000000E-03   1.0000000E-06   9.9999997E-05    1.000000     
    100.0000        0.000000       4.0687358E-31
   1.0000000E-03   1.0000000E-06   9.9999997E-05    1.000000     
    200.0000        0.000000       4.0687358E-31
   1.0000000E-03   1.0000000E-06   9.9999997E-05    1.000000     
    300.0000        0.000000       4.0687358E-31
   1.0000000E-03   1.0000000E-06   9.9999997E-05    1.000000     
    400.0000        0.000000       4.0687358E-31
   1.0000000E-03   1.0000000E-06   9.9999997E-05    1.000000     
    500.0000        0.000000       4.0687358E-31
   1.0000000E-03   1.0000000E-06   9.9999997E-05    1.000000     
    600.0000        0.000000       4.0687358E-31
   1.0000000E-03   1.0000000E-06   9.9999997E-05    1.000000     
    700.0000        0.000000       4.0687358E-31
   1.0000000E-03   1.0000000E-06   9.9999997E-05    1.000000     
    800.0000        0.000000       4.0687358E-31
   1.0000000E-03   1.0000000E-06   9.9999997E-05    1.000000     
    900.0000        0.000000       4.0687358E-31
   1.0000000E-03   1.0000000E-06   9.9999997E-05    2.000000     
    100.0000        0.000000       2.1349148E-28
   1.0000000E-03   1.0000000E-06   9.9999997E-05    2.000000     
    200.0000        0.000000       2.1349148E-28
   1.0000000E-03   1.0000000E-06   9.9999997E-05    2.000000     
    300.0000        0.000000       2.1349148E-28
   1.0000000E-03   1.0000000E-06   9.9999997E-05    2.000000     
    400.0000        0.000000       2.1349148E-28
   1.0000000E-03   1.0000000E-06   9.9999997E-05    2.000000     
    500.0000        0.000000       2.1349148E-28
   1.0000000E-03   1.0000000E-06   9.9999997E-05    2.000000     
    600.0000        0.000000       2.1349148E-28
   1.0000000E-03   1.0000000E-06   9.9999997E-05    2.000000     
    700.0000        0.000000       2.1349148E-28
   1.0000000E-03   1.0000000E-06   9.9999997E-05    2.000000     
    800.0000       1.2978133E-38   2.1349148E-28
   1.0000000E-03   1.0000000E-06   9.9999997E-05    2.000000     
    900.0000       1.4600399E-38   2.1349148E-28
   1.0000000E-03   1.0000000E-06   9.9999997E-05    3.000000     
    100.0000       1.3625169E-37   1.4791248E-26
   1.0000000E-03   1.0000000E-06   9.9999997E-05    3.000000     
    200.0000       2.7250338E-37   1.4791248E-26
   1.0000000E-03   1.0000000E-06   9.9999997E-05    3.000000     
    300.0000       4.0875513E-37   1.4791248E-26
   1.0000000E-03   1.0000000E-06   9.9999997E-05    3.000000     
    400.0000       5.4500677E-37   1.4791248E-26
   1.0000000E-03   1.0000000E-06   9.9999997E-05    3.000000     
    500.0000       6.8125822E-37   1.4791248E-26
   1.0000000E-03   1.0000000E-06   9.9999997E-05    3.000000     
    600.0000       8.1751026E-37   1.4791248E-26
   1.0000000E-03   1.0000000E-06   9.9999997E-05    3.000000     
    700.0000       9.5376203E-37   1.4791248E-26
   1.0000000E-03   1.0000000E-06   9.9999997E-05    3.000000     
    800.0000       1.0900135E-36   1.4791248E-26
   1.0000000E-03   1.0000000E-06   9.9999997E-05    3.000000     
    900.0000       1.2262652E-36   1.4791248E-26
   1.0000000E-03   1.0000000E-06   9.9999997E-05    4.000000     
    100.0000       3.4926926E-36   3.2830217E-25
   1.0000000E-03   1.0000000E-06   9.9999997E-05    4.000000     
    200.0000       6.9853852E-36   3.2830217E-25
   1.0000000E-03   1.0000000E-06   9.9999997E-05    4.000000     
    300.0000       1.0478079E-35   3.2830217E-25
   1.0000000E-03   1.0000000E-06   9.9999997E-05    4.000000     
    400.0000       1.3970770E-35   3.2830217E-25
   1.0000000E-03   1.0000000E-06   9.9999997E-05    4.000000     
    500.0000       1.7463465E-35   3.2830217E-25
   1.0000000E-03   1.0000000E-06   9.9999997E-05    4.000000     
    600.0000       2.0956159E-35   3.2830217E-25
   1.0000000E-03   1.0000000E-06   9.9999997E-05    4.000000     
    700.0000       2.4448853E-35   3.2830217E-25
   1.0000000E-03   1.0000000E-06   9.9999997E-05    4.000000     
    800.0000       2.7941541E-35   3.2830217E-25
   1.0000000E-03   1.0000000E-06   9.9999997E-05    4.000000     
    900.0000       3.1434243E-35   3.2830217E-25
   1.0000000E-03   1.0000000E-06   9.9999997E-05    5.000000     
    100.0000       3.8478312E-35   3.2396176E-24
   1.0000000E-03   1.0000000E-06   9.9999997E-05    5.000000     
    200.0000       7.6956625E-35   3.2396176E-24
   1.0000000E-03   1.0000000E-06   9.9999997E-05    5.000000     
    300.0000       1.1543488E-34   3.2396176E-24
   1.0000000E-03   1.0000000E-06   9.9999997E-05    5.000000     
    400.0000       1.5391325E-34   3.2396176E-24
   1.0000000E-03   1.0000000E-06   9.9999997E-05    5.000000     
    500.0000       1.9239151E-34   3.2396176E-24
   1.0000000E-03   1.0000000E-06   9.9999997E-05    5.000000     
    600.0000       2.3086975E-34   3.2396176E-24
   1.0000000E-03   1.0000000E-06   9.9999997E-05    5.000000     
    700.0000       2.6934814E-34   3.2396176E-24
   1.0000000E-03   1.0000000E-06   9.9999997E-05    5.000000     
    800.0000       3.0782650E-34   3.2396176E-24
   1.0000000E-03   1.0000000E-06   9.9999997E-05    5.000000     
    900.0000       3.4630465E-34   3.2396176E-24
   1.0000000E-03   1.0000000E-06   9.9999997E-05    6.000000     
    100.0000       2.1795821E-34   1.6833454E-23
   1.0000000E-03   1.0000000E-06   9.9999997E-05    6.000000     
    200.0000       4.3591642E-34   1.6833454E-23
   1.0000000E-03   1.0000000E-06   9.9999997E-05    6.000000     
    300.0000       6.5387475E-34   1.6833454E-23
   1.0000000E-03   1.0000000E-06   9.9999997E-05    6.000000     
    400.0000       8.7183284E-34   1.6833454E-23
   1.0000000E-03   1.0000000E-06   9.9999997E-05    6.000000     
    500.0000       1.0897911E-33   1.6833454E-23
   1.0000000E-03   1.0000000E-06   9.9999997E-05    6.000000     
    600.0000       1.3077495E-33   1.6833454E-23
   1.0000000E-03   1.0000000E-06   9.9999997E-05    6.000000     
    700.0000       1.5257078E-33   1.6833454E-23
   1.0000000E-03   1.0000000E-06   9.9999997E-05    6.000000     
    800.0000       1.7436657E-33   1.6833454E-23
   1.0000000E-03   1.0000000E-06   9.9999997E-05    6.000000     
    900.0000       1.9616242E-33   1.6833454E-23
   1.0000000E-03   1.0000000E-06   9.9999997E-05    7.000000     
    100.0000       7.0916266E-34   5.1063206E-23
   1.0000000E-03   1.0000000E-06   9.9999997E-05    7.000000     
    200.0000       1.4183253E-33   5.1063206E-23
   1.0000000E-03   1.0000000E-06   9.9999997E-05    7.000000     
    300.0000       2.1274888E-33   5.1063206E-23
   1.0000000E-03   1.0000000E-06   9.9999997E-05    7.000000     
    400.0000       2.8366506E-33   5.1063206E-23
   1.0000000E-03   1.0000000E-06   9.9999997E-05    7.000000     
    500.0000       3.5458137E-33   5.1063206E-23
   1.0000000E-03   1.0000000E-06   9.9999997E-05    7.000000     
    600.0000       4.2549777E-33   5.1063206E-23
   1.0000000E-03   1.0000000E-06   9.9999997E-05    7.000000     
    700.0000       4.9641398E-33   5.1063206E-23
   1.0000000E-03   1.0000000E-06   9.9999997E-05    7.000000     
    800.0000       5.6733012E-33   5.1063206E-23
   1.0000000E-03   1.0000000E-06   9.9999997E-05    7.000000     
    900.0000       6.3824641E-33   5.1063206E-23
   1.0000000E-03   1.0000000E-06   9.9999997E-05    8.000000     
    100.0000       1.4321271E-33   9.7054731E-23
   1.0000000E-03   1.0000000E-06   9.9999997E-05    8.000000     
    200.0000       2.8642542E-33   9.7054731E-23
   1.0000000E-03   1.0000000E-06   9.9999997E-05    8.000000     
    300.0000       4.2963834E-33   9.7054731E-23
   1.0000000E-03   1.0000000E-06   9.9999997E-05    8.000000     
    400.0000       5.7285083E-33   9.7054731E-23
   1.0000000E-03   1.0000000E-06   9.9999997E-05    8.000000     
    500.0000       7.1606355E-33   9.7054731E-23
   1.0000000E-03   1.0000000E-06   9.9999997E-05    8.000000     
    600.0000       8.5927667E-33   9.7054731E-23
   1.0000000E-03   1.0000000E-06   9.9999997E-05    8.000000     
    700.0000       1.0024888E-32   9.7054731E-23
   1.0000000E-03   1.0000000E-06   9.9999997E-05    8.000000     
    800.0000       1.1457017E-32   9.7054731E-23
   1.0000000E-03   1.0000000E-06   9.9999997E-05    8.000000     
    900.0000       1.2889143E-32   9.7054731E-23
